n: 1000 | m: 10000 | mMember: 0.300000% | mInsert: 0.500000% | mDelete: 0.200000% | threadCount: 1 | mean: 70650000000.000000 | stdDev: 3275286247.032463
n: 1000 | m: 10000 | mMember: 0.300000% | mInsert: 0.500000% | mDelete: 0.200000% | threadCount: 2 | mean: 66500000000.000000 | stdDev: 3275286247.032463
n: 1000 | m: 10000 | mMember: 0.300000% | mInsert: 0.500000% | mDelete: 0.200000% | threadCount: 4 | mean: 56500000000.000000 | stdDev: 3275286247.032463
n: 1000 | m: 10000 | mMember: 0.300000% | mInsert: 0.500000% | mDelete: 0.200000% | threadCount: 8 | mean: 38650000000.000000 | stdDev: 3275286247.032463
